mov1 = 0:0.1:15;
mov2 = 0:0.2:10;
rot1 = 0:0.3:30;
rot2 = 0:0.3:30;
rot3 = 0:0.3:30;